SNPnum	CHR	snpBP	P	logP
1	3	1278045	8.74e-09	8.058488567365597
2	3	1283193	2.14e-08	7.669586226650809
3	3	1275151	2.98e-08	7.525783735923745
4	3	1286390	4.79e-08	7.319664486585437
5	3	1300254	5.04e-08	7.297569463554475
6	6	3287871	5.29e-08	7.276544327964814
7	3	1272815	7.36e-08	7.133122185662502
8	6	3326064	1.02e-07	6.991399828238082
9	3	1258318	1.19e-07	6.924453038607469
10	3	1252974	1.24e-07	6.906578314837765
11	6	2898059	3.07e-07	6.512861624522814
12	3	1249272	6.13e-07	6.212539525481585
13	6	2894959	6.85e-07	6.164309428507575
14	4	17422232	9.85e-07	6.006563769502388
